#####################################################################
# Alchemist log file - simulation started at: 2024-02-21T22:22+0000 #
#####################################################################
#
# random = 25.0, scenarioType = 1, nodeSide = 10
#
# The columns have the following meaning: 
# time requiredInterventionTime[min] requiredInterventionTime[max] requiredInterventionTime[mean] requiredInterventionTime[variance] needsIntervention[sum] needsIntervention[variance] messagesCount[sum] messagesCount[mean] saved[sum] 
0.0 NaN NaN NaN NaN 0.0 NaN 0.0 NaN 0.0
0.0 NaN NaN NaN NaN 0.0 NaN 0.0 NaN 0.0
10.00092272605089 NaN NaN NaN NaN 0.0 0.0 861.0 8.61 0.0
20.000922726050927 NaN NaN NaN NaN 0.0 0.0 861.0 8.61 0.0
30.00092272605107 NaN NaN NaN NaN 1.0 0.010101010101010105 861.0 8.61 0.0
40.00092272605121 NaN NaN NaN NaN 1.0 0.010101010101010105 861.0 8.61 0.0
50.00092272605135 NaN NaN NaN NaN 1.0 0.010101010101010105 861.0 8.61 0.0
60.00092272605149 NaN NaN NaN NaN 1.0 0.010101010101010105 861.0 8.61 0.0
70.0009227260512 NaN NaN NaN NaN 1.0 0.010101010101010105 861.0 8.61 0.0
80.00092272605063 NaN NaN NaN NaN 1.0 0.010101010101010105 861.0 8.61 0.0
90.00092272605006 NaN NaN NaN NaN 1.0 0.010101010101010105 861.0 8.61 0.0
100.0009227260495 NaN NaN NaN NaN 1.0 0.010101010101010105 861.0 8.61 0.0
110.00092272604893 NaN NaN NaN NaN 1.0 0.010101010101010105 861.0 8.61 0.0
120.00092272604836 NaN NaN NaN NaN 1.0 0.010101010101010105 859.0 8.59 0.0
130.0009227260478 NaN NaN NaN NaN 1.0 0.010101010101010105 859.0 8.59 0.0
140.00092272604724 NaN NaN NaN NaN 1.0 0.010101010101010105 859.0 8.59 0.0
150.00092272604667 NaN NaN NaN NaN 1.0 0.010101010101010105 859.0 8.59 0.0
160.0009227260461 NaN NaN NaN NaN 1.0 0.010101010101010105 859.0 8.59 0.0
170.00092272604553 NaN NaN NaN NaN 2.0 0.01999587713873427 857.0 8.57 0.0
180.00092272604496 NaN NaN NaN NaN 2.0 0.01999587713873427 857.0 8.57 0.0
190.0009227260444 NaN NaN NaN NaN 2.0 0.01999587713873427 855.0 8.55 0.0
200.00092272604383 NaN NaN NaN NaN 2.0 0.01999587713873427 855.0 8.55 0.0
210.00092272604326 NaN NaN NaN NaN 2.0 0.01999587713873427 853.0 8.53 0.0
220.0009227260427 NaN NaN NaN NaN 2.0 0.01999587713873427 853.0 8.53 0.0
230.00092272604212 NaN NaN NaN NaN 2.0 0.01999587713873427 855.0 8.55 0.0
240.00092272604155 NaN NaN NaN NaN 2.0 0.01999587713873427 855.0 8.55 0.0
250.00092272604098 NaN NaN NaN NaN 2.0 0.01999587713873427 853.0 8.53 0.0
260.00092272604155 NaN NaN NaN NaN 2.0 0.01999587713873427 851.0 8.51 0.0
270.0009227260438 NaN NaN NaN NaN 2.0 0.01999587713873427 851.0 8.51 0.0
280.0009227260461 NaN NaN NaN NaN 2.0 0.01999587713873427 851.0 8.51 0.0
290.0009227260484 NaN NaN NaN NaN 2.0 0.01999587713873427 853.0 8.53 0.0
300.00092272605065 NaN NaN NaN NaN 2.0 0.01999587713873427 855.0 8.55 0.0
310.0009227260529 NaN NaN NaN NaN 2.0 0.01999587713873427 855.0 8.55 0.0
320.0009227260552 NaN NaN NaN NaN 2.0 0.01999587713873427 855.0 8.55 0.0
330.00092272605747 NaN NaN NaN NaN 3.0 0.02968460111317254 855.0 8.55 0.0
340.00092272605974 NaN NaN NaN NaN 3.0 0.02968460111317254 857.0 8.57 0.0
350.000922726062 NaN NaN NaN NaN 3.0 0.02968460111317254 855.0 8.55 0.0
360.0009227260643 NaN NaN NaN NaN 3.0 0.02968460111317254 857.0 8.57 0.0
370.00092272606656 35.96042104028794 35.96042104028794 35.96042104028794 0.0 2.0 0.01999587713873427 859.0 8.59 1.0
380.00092272606884 35.96042104028794 35.96042104028794 35.96042104028794 0.0 3.0 0.02968460111317253 859.0 8.59 1.0
390.0009227260711 35.96042104028794 35.96042104028794 35.96042104028794 0.0 3.0 0.02968460111317253 859.0 8.59 1.0
400.0009227260734 35.96042104028794 35.96042104028794 35.96042104028794 0.0 3.0 0.02968460111317253 861.0 8.61 1.0
410.00092272607566 35.96042104028794 35.96042104028794 35.96042104028794 0.0 3.0 0.02968460111317253 861.0 8.61 1.0
420.00092272607793 35.96042104028794 35.96042104028794 35.96042104028794 0.0 3.0 0.02968460111317253 857.0 8.57 1.0
430.0009227260802 35.96042104028794 35.96042104028794 35.96042104028794 0.0 3.0 0.02968460111317253 857.0 8.57 1.0
440.0009227260825 35.96042104028794 35.96042104028794 35.96042104028794 0.0 3.0 0.02968460111317253 855.0 8.55 1.0
450.00092272608475 35.96042104028794 35.96042104028794 35.96042104028794 0.0 3.0 0.02968460111317253 857.0 8.57 1.0
460.000922726087 35.96042104028794 35.96042104028794 35.96042104028794 0.0 3.0 0.02968460111317253 857.0 8.57 1.0
470.0009227260893 35.96042104028794 35.96042104028794 35.96042104028794 0.0 3.0 0.02968460111317253 857.0 8.57 1.0
480.0009227260916 35.96042104028794 35.96042104028794 35.96042104028794 0.0 3.0 0.02968460111317253 857.0 8.57 1.0
490.00092272609385 35.96042104028794 35.96042104028794 35.96042104028794 0.0 3.0 0.02968460111317253 857.0 8.57 1.0
500.0009227260961 35.96042104028794 467.4715599172743 251.71599047878112 93100.93148745691 2.0 0.01999587713873427 859.0 8.59 2.0
510.0009227260984 35.96042104028794 467.4715599172743 251.71599047878112 93100.93148745691 2.0 0.01999587713873427 855.0 8.55 2.0
520.0009227261006 35.96042104028794 467.4715599172743 251.71599047878112 93100.93148745691 2.0 0.01999587713873427 857.0 8.57 2.0
530.0009227261029 35.96042104028794 467.4715599172743 251.71599047878112 93100.93148745691 2.0 0.01999587713873427 857.0 8.57 2.0
540.0009227261052 35.96042104028794 467.4715599172743 251.71599047878112 93100.93148745691 2.0 0.01999587713873427 857.0 8.57 2.0
550.0009227261074 35.96042104028794 467.4715599172743 251.71599047878112 93100.93148745691 2.0 0.01999587713873427 857.0 8.57 2.0
560.0009227261097 35.96042104028794 467.4715599172743 251.71599047878112 93100.93148745691 2.0 0.01999587713873427 857.0 8.57 2.0
570.000922726112 35.96042104028794 467.4715599172743 251.71599047878112 93100.93148745691 2.0 0.01999587713873427 857.0 8.57 2.0
580.0009227261143 35.96042104028794 467.4715599172743 251.71599047878112 93100.93148745691 2.0 0.01999587713873427 857.0 8.57 2.0
590.0009227261165 35.96042104028794 467.4715599172743 251.71599047878112 93100.93148745691 2.0 0.01999587713873427 855.0 8.55 2.0
600.0009227261188 35.96042104028794 467.4715599172743 251.71599047878112 93100.93148745691 2.0 0.01999587713873427 855.0 8.55 2.0
610.0009227261211 35.96042104028794 467.4715599172743 251.71599047878112 93100.93148745691 2.0 0.01999587713873427 857.0 8.57 2.0
620.0009227261233 35.96042104028794 467.4715599172743 251.71599047878112 93100.93148745691 2.0 0.01999587713873427 857.0 8.57 2.0
630.0009227261256 35.96042104028794 467.4715599172743 251.71599047878112 93100.93148745691 3.0 0.029684601113172532 857.0 8.57 2.0
640.0009227261279 35.96042104028794 467.4715599172743 251.71599047878112 93100.93148745691 3.0 0.029684601113172532 857.0 8.57 2.0
650.0009227261302 35.96042104028794 467.4715599172743 251.71599047878112 93100.93148745691 3.0 0.029684601113172532 857.0 8.57 2.0
660.0009227261324 35.96042104028794 467.4715599172743 251.71599047878112 93100.93148745691 3.0 0.029684601113172532 857.0 8.57 2.0
670.0009227261347 35.96042104028794 467.4715599172743 251.71599047878112 93100.93148745691 3.0 0.029684601113172532 857.0 8.57 2.0
680.000922726137 35.96042104028794 467.4715599172743 251.71599047878112 93100.93148745691 3.0 0.029684601113172532 855.0 8.55 2.0
690.0009227261393 35.96042104028794 467.4715599172743 251.71599047878112 93100.93148745691 3.0 0.029684601113172532 855.0 8.55 2.0
700.0009227261415 35.96042104028794 467.4715599172743 251.71599047878112 93100.93148745691 3.0 0.029684601113172532 855.0 8.55 2.0
710.0009227261438 35.96042104028794 467.4715599172743 251.71599047878112 93100.93148745691 3.0 0.029684601113172532 857.0 8.57 2.0
720.0009227261461 35.96042104028794 467.4715599172743 251.71599047878112 93100.93148745691 3.0 0.029684601113172532 857.0 8.57 2.0
730.0009227261484 35.96042104028794 467.4715599172743 251.71599047878112 93100.93148745691 3.0 0.029684601113172532 855.0 8.55 2.0
740.0009227261506 35.96042104028794 467.4715599172743 251.71599047878112 93100.93148745691 3.0 0.029684601113172532 855.0 8.55 2.0
750.0009227261529 35.96042104028794 467.4715599172743 251.71599047878112 93100.93148745691 3.0 0.029684601113172532 853.0 8.53 2.0
760.0009227261552 35.96042104028794 467.4715599172743 251.71599047878112 93100.93148745691 3.0 0.029684601113172532 855.0 8.55 2.0
770.0009227261575 35.96042104028794 467.4715599172743 251.71599047878112 93100.93148745691 3.0 0.029684601113172532 855.0 8.55 2.0
780.0009227261597 35.96042104028794 467.4715599172743 251.71599047878112 93100.93148745691 3.0 0.029684601113172532 855.0 8.55 2.0
790.000922726162 35.96042104028794 467.4715599172743 220.06588218444242 49555.65380885856 2.0 0.01999587713873427 857.0 8.57 3.0
800.0009227261643 35.96042104028794 467.4715599172743 220.06588218444242 49555.65380885856 2.0 0.01999587713873427 857.0 8.57 3.0
810.0009227261666 35.96042104028794 467.4715599172743 220.06588218444242 49555.65380885856 2.0 0.01999587713873427 859.0 8.59 3.0
820.0009227261688 35.96042104028794 467.4715599172743 220.06588218444242 49555.65380885856 2.0 0.01999587713873427 859.0 8.59 3.0
830.0009227261711 35.96042104028794 467.4715599172743 220.06588218444242 49555.65380885856 2.0 0.01999587713873427 859.0 8.59 3.0
840.0009227261734 35.96042104028794 668.699140963349 332.2241968791691 83355.05275988439 1.0 0.010101010101010112 863.0 8.629999999999999 4.0
850.0009227261756 35.96042104028794 668.699140963349 332.2241968791691 83355.05275988439 1.0 0.010101010101010112 863.0 8.629999999999999 4.0
860.0009227261779 35.96042104028794 668.699140963349 332.2241968791691 83355.05275988439 1.0 0.010101010101010112 861.0 8.61 4.0
870.0009227261802 35.96042104028794 668.699140963349 332.2241968791691 83355.05275988439 1.0 0.010101010101010112 861.0 8.61 4.0
880.0009227261825 35.96042104028794 668.699140963349 332.2241968791691 83355.05275988439 1.0 0.010101010101010112 861.0 8.61 4.0
890.0009227261847 35.96042104028794 668.699140963349 332.2241968791691 83355.05275988439 1.0 0.010101010101010112 861.0 8.61 4.0
900.000922726187 35.96042104028794 668.699140963349 332.2241968791691 83355.05275988439 1.0 0.010101010101010112 861.0 8.61 4.0
910.0009227261893 35.96042104028794 668.699140963349 332.2241968791691 83355.05275988439 1.0 0.010101010101010112 861.0 8.61 4.0
920.0009227261916 35.96042104028794 668.699140963349 332.2241968791691 83355.05275988439 1.0 0.010101010101010112 861.0 8.61 4.0
930.0009227261938 35.96042104028794 668.699140963349 332.2241968791691 83355.05275988439 1.0 0.010101010101010112 863.0 8.629999999999999 4.0
940.0009227261961 35.96042104028794 668.699140963349 332.2241968791691 83355.05275988439 1.0 0.010101010101010112 861.0 8.61 4.0
950.0009227261984 35.96042104028794 668.699140963349 332.2241968791691 83355.05275988439 1.0 0.010101010101010112 861.0 8.61 4.0
960.0009227262007 35.96042104028794 668.699140963349 332.2241968791691 83355.05275988439 1.0 0.010101010101010112 863.0 8.629999999999999 4.0
970.0009227262029 35.96042104028794 668.699140963349 332.2241968791691 83355.05275988439 2.0 0.019995877138734245 863.0 8.629999999999999 4.0
980.0009227262052 35.96042104028794 668.699140963349 332.2241968791691 83355.05275988439 2.0 0.019995877138734245 863.0 8.629999999999999 4.0
990.0009227262075 35.96042104028794 668.699140963349 332.2241968791691 83355.05275988439 2.0 0.019995877138734245 863.0 8.629999999999999 4.0
1000.0009227262098 35.96042104028794 668.699140963349 332.2241968791691 83355.05275988439 2.0 0.019995877138734245 859.0 8.59 4.0
1010.000922726212 35.96042104028794 668.699140963349 332.2241968791691 83355.05275988439 2.0 0.019995877138734245 859.0 8.59 4.0
1020.0009227262143 35.96042104028794 668.699140963349 332.2241968791691 83355.05275988439 2.0 0.019995877138734245 859.0 8.59 4.0
1030.0009227262096 35.96042104028794 668.699140963349 332.2241968791691 83355.05275988439 2.0 0.019995877138734245 859.0 8.59 4.0
1040.0009227262005 35.96042104028794 668.699140963349 332.2241968791691 83355.05275988439 2.0 0.019995877138734245 861.0 8.61 4.0
1050.0009227261914 35.96042104028794 668.699140963349 332.2241968791691 83355.05275988439 2.0 0.019995877138734245 861.0 8.61 4.0
1060.0009227261824 35.96042104028794 668.699140963349 332.2241968791691 83355.05275988439 2.0 0.019995877138734245 861.0 8.61 4.0
1070.0009227261733 35.96042104028794 668.699140963349 332.2241968791691 83355.05275988439 2.0 0.019995877138734245 861.0 8.61 4.0
1080.0009227261642 35.96042104028794 668.699140963349 332.2241968791691 83355.05275988439 2.0 0.019995877138734245 859.0 8.59 4.0
1090.000922726155 35.96042104028794 706.5351733421954 407.0863921717743 90538.03099005416 1.0 0.01010101010101012 863.0 8.629999999999999 5.0
1100.000922726146 35.96042104028794 706.5351733421954 407.0863921717743 90538.03099005416 1.0 0.01010101010101012 863.0 8.629999999999999 5.0
1110.0009227261369 35.96042104028794 706.5351733421954 407.0863921717743 90538.03099005416 1.0 0.01010101010101012 863.0 8.629999999999999 5.0
1120.0009227261278 35.96042104028794 706.5351733421954 407.0863921717743 90538.03099005416 1.0 0.01010101010101012 863.0 8.629999999999999 5.0
1130.0009227261187 35.96042104028794 706.5351733421954 407.0863921717743 90538.03099005416 1.0 0.01010101010101012 863.0 8.629999999999999 5.0
1140.0009227261096 35.96042104028794 706.5351733421954 407.0863921717743 90538.03099005416 1.0 0.01010101010101012 863.0 8.629999999999999 5.0
1150.0009227261005 35.96042104028794 706.5351733421954 407.0863921717743 90538.03099005416 1.0 0.01010101010101012 861.0 8.61 5.0
1160.0009227260914 35.96042104028794 706.5351733421954 407.0863921717743 90538.03099005416 1.0 0.01010101010101012 863.0 8.629999999999999 5.0
1170.0009227260823 35.96042104028794 706.5351733421954 407.0863921717743 90538.03099005416 1.0 0.01010101010101012 863.0 8.629999999999999 5.0
1180.0009227260732 35.96042104028794 706.5351733421954 375.30712814046024 78489.95452627516 0.0 0.0 865.0 8.65 6.0
1190.0009227260641 35.96042104028794 706.5351733421954 375.30712814046024 78489.95452627516 0.0 0.0 865.0 8.65 6.0
1200.000922726055 35.96042104028794 706.5351733421954 375.30712814046024 78489.95452627516 0.0 0.0 865.0 8.65 6.0
1210.000922726046 35.96042104028794 706.5351733421954 375.30712814046024 78489.95452627516 0.0 0.0 865.0 8.65 6.0
1220.0009227260368 35.96042104028794 706.5351733421954 375.30712814046024 78489.95452627516 0.0 0.0 865.0 8.65 6.0
1230.0009227260277 35.96042104028794 706.5351733421954 375.30712814046024 78489.95452627516 0.0 0.0 865.0 8.65 6.0
1240.0009227260186 35.96042104028794 706.5351733421954 375.30712814046024 78489.95452627516 0.0 0.0 865.0 8.65 6.0
1250.0009227260095 35.96042104028794 706.5351733421954 375.30712814046024 78489.95452627516 0.0 0.0 865.0 8.65 6.0
1260.0009227260005 35.96042104028794 706.5351733421954 375.30712814046024 78489.95452627516 0.0 0.0 865.0 8.65 6.0
1270.0009227259914 35.96042104028794 706.5351733421954 375.30712814046024 78489.95452627516 0.0 0.0 865.0 8.65 6.0
1280.0009227259823 35.96042104028794 706.5351733421954 375.30712814046024 78489.95452627516 0.0 0.0 865.0 8.65 6.0
1290.0009227259732 35.96042104028794 706.5351733421954 375.30712814046024 78489.95452627516 0.0 0.0 865.0 8.65 6.0
1300.000922725964 35.96042104028794 706.5351733421954 375.30712814046024 78489.95452627516 0.0 0.0 865.0 8.65 6.0
1310.000922725955 35.96042104028794 706.5351733421954 375.30712814046024 78489.95452627516 0.0 0.0 865.0 8.65 6.0
1320.0009227259459 35.96042104028794 706.5351733421954 375.30712814046024 78489.95452627516 1.0 0.010101010101010128 865.0 8.65 6.0
1330.0009227259368 35.96042104028794 706.5351733421954 375.30712814046024 78489.95452627516 1.0 0.010101010101010128 865.0 8.65 6.0
1340.0009227259277 35.96042104028794 706.5351733421954 375.30712814046024 78489.95452627516 2.0 0.019995877138734203 865.0 8.65 6.0
1350.0009227259186 11.156669019028413 706.5351733421954 323.2856339802557 84351.94642118401 1.0 0.010101010101010128 867.0 8.67 7.0
1360.0009227259095 11.156669019028413 706.5351733421954 323.2856339802557 84351.94642118401 1.0 0.010101010101010128 867.0 8.67 7.0
1370.0009227259004 11.156669019028413 706.5351733421954 323.2856339802557 84351.94642118401 1.0 0.010101010101010128 863.0 8.629999999999999 7.0
1380.0009227258913 11.156669019028413 706.5351733421954 323.2856339802557 84351.94642118401 1.0 0.010101010101010128 863.0 8.629999999999999 7.0
1390.0009227258822 11.156669019028413 706.5351733421954 323.2856339802557 84351.94642118401 1.0 0.010101010101010128 865.0 8.65 7.0
1400.0009227258731 11.156669019028413 706.5351733421954 323.2856339802557 84351.94642118401 1.0 0.010101010101010128 865.0 8.65 7.0
1410.000922725864 11.156669019028413 706.5351733421954 323.2856339802557 84351.94642118401 1.0 0.010101010101010128 865.0 8.65 7.0
1420.000922725855 11.156669019028413 706.5351733421954 323.2856339802557 84351.94642118401 1.0 0.010101010101010128 863.0 8.629999999999999 7.0
1430.0009227258458 11.156669019028413 706.5351733421954 323.2856339802557 84351.94642118401 1.0 0.010101010101010128 863.0 8.629999999999999 7.0
1440.0009227258367 11.156669019028413 706.5351733421954 323.2856339802557 84351.94642118401 1.0 0.010101010101010128 863.0 8.629999999999999 7.0
1450.0009227258276 11.156669019028413 706.5351733421954 323.2856339802557 84351.94642118401 1.0 0.010101010101010128 863.0 8.629999999999999 7.0
1460.0009227258186 11.156669019028413 706.5351733421954 323.2856339802557 84351.94642118401 1.0 0.010101010101010128 865.0 8.65 7.0
1470.0009227258095 11.156669019028413 706.5351733421954 323.2856339802557 84351.94642118401 1.0 0.010101010101010128 865.0 8.65 7.0
1480.0009227258004 11.156669019028413 706.5351733421954 323.2856339802557 84351.94642118401 1.0 0.010101010101010128 865.0 8.65 7.0
1490.0009227257913 11.156669019028413 706.5351733421954 323.2856339802557 84351.94642118401 1.0 0.010101010101010128 865.0 8.65 7.0
1500.0009227257822 11.156669019028413 706.5351733421954 323.2856339802557 84351.94642118401 1.0 0.010101010101010128 865.0 8.65 7.0
1510.000922725773 11.156669019028413 706.5351733421954 323.2856339802557 84351.94642118401 1.0 0.010101010101010128 865.0 8.65 7.0
1520.000922725764 11.156669019028413 706.5351733421954 323.2856339802557 84351.94642118401 1.0 0.010101010101010128 867.0 8.67 7.0
1530.000922725755 11.156669019028413 706.5351733421954 323.2856339802557 84351.94642118401 1.0 0.010101010101010128 867.0 8.67 7.0
1540.0009227257458 11.156669019028413 706.5351733421954 323.2856339802557 84351.94642118401 1.0 0.010101010101010128 867.0 8.67 7.0
1550.0009227257367 11.156669019028413 706.5351733421954 323.2856339802557 84351.94642118401 1.0 0.010101010101010128 869.0 8.690000000000001 7.0
1560.0009227257276 11.156669019028413 706.5351733421954 323.2856339802557 84351.94642118401 1.0 0.010101010101010128 869.0 8.690000000000001 7.0
1570.0009227257185 11.156669019028413 706.5351733421954 323.2856339802557 84351.94642118401 1.0 0.010101010101010128 869.0 8.690000000000001 7.0
1580.0009227257094 11.156669019028413 706.5351733421954 323.2856339802557 84351.94642118401 1.0 0.010101010101010128 869.0 8.690000000000001 7.0
1590.0009227257003 11.156669019028413 706.5351733421954 323.2856339802557 84351.94642118401 1.0 0.010101010101010128 869.0 8.690000000000001 7.0
1600.0009227256912 11.156669019028413 706.5351733421954 323.2856339802557 84351.94642118401 1.0 0.010101010101010128 869.0 8.690000000000001 7.0
1610.0009227256821 11.156669019028413 706.5351733421954 323.2856339802557 84351.94642118401 1.0 0.010101010101010128 869.0 8.690000000000001 7.0
1620.000922725673 11.156669019028413 706.5351733421954 323.2856339802557 84351.94642118401 1.0 0.010101010101010128 869.0 8.690000000000001 7.0
1630.000922725664 11.156669019028413 706.5351733421954 323.2856339802557 84351.94642118401 1.0 0.010101010101010128 869.0 8.690000000000001 7.0
1640.0009227256548 11.156669019028413 706.5351733421954 323.2856339802557 84351.94642118401 1.0 0.010101010101010128 867.0 8.67 7.0
1650.0009227256458 11.156669019028413 706.5351733421954 323.2856339802557 84351.94642118401 1.0 0.010101010101010128 867.0 8.67 7.0
1660.0009227256367 11.156669019028413 706.5351733421954 323.2856339802557 84351.94642118401 1.0 0.010101010101010128 867.0 8.67 7.0
1670.0009227256276 11.156669019028413 706.5351733421954 325.9766991979612 72359.6030170624 0.0 0.0 867.0 8.67 8.0
1680.0009227256185 11.156669019028413 706.5351733421954 325.9766991979612 72359.6030170624 0.0 0.0 867.0 8.67 8.0
1690.0009227256094 11.156669019028413 706.5351733421954 325.9766991979612 72359.6030170624 0.0 0.0 867.0 8.67 8.0
1700.0009227256003 11.156669019028413 706.5351733421954 325.9766991979612 72359.6030170624 0.0 0.0 867.0 8.67 8.0
1710.0009227255912 11.156669019028413 706.5351733421954 325.9766991979612 72359.6030170624 0.0 0.0 869.0 8.690000000000001 8.0
1720.000922725582 11.156669019028413 706.5351733421954 325.9766991979612 72359.6030170624 1.0 0.01010101010101013 867.0 8.67 8.0
1730.000922725573 11.156669019028413 706.5351733421954 325.9766991979612 72359.6030170624 1.0 0.01010101010101013 867.0 8.67 8.0
1740.000922725564 11.156669019028413 706.5351733421954 325.9766991979612 72359.6030170624 2.0 0.01999587713873424 869.0 8.690000000000001 8.0
1750.0009227255548 11.156669019028413 706.5351733421954 325.9766991979612 72359.6030170624 2.0 0.01999587713873424 869.0 8.690000000000001 8.0
1760.0009227255457 11.156669019028413 706.5351733421954 325.9766991979612 72359.6030170624 2.0 0.01999587713873424 869.0 8.690000000000001 8.0
1770.0009227255366 11.156669019028413 706.5351733421954 325.9766991979612 72359.6030170624 2.0 0.01999587713873424 865.0 8.65 8.0
1780.0009227255275 11.156669019028413 706.5351733421954 325.9766991979612 72359.6030170624 2.0 0.01999587713873424 865.0 8.65 8.0
1790.0009227255184 11.156669019028413 706.5351733421954 325.9766991979612 72359.6030170624 2.0 0.01999587713873424 865.0 8.65 8.0
1800.0009227255093 11.156669019028413 706.5351733421954 297.03042330888627 70855.63463054759 1.0 0.01010101010101013 867.0 8.67 9.0
1810.0009227255002 11.156669019028413 706.5351733421954 297.03042330888627 70855.63463054759 1.0 0.01010101010101013 867.0 8.67 9.0
1820.0009227254911 11.156669019028413 706.5351733421954 297.03042330888627 70855.63463054759 1.0 0.01010101010101013 867.0 8.67 9.0
1830.000922725482 11.156669019028413 706.5351733421954 297.03042330888627 70855.63463054759 1.0 0.01010101010101013 867.0 8.67 9.0
1840.000922725473 11.156669019028413 706.5351733421954 297.03042330888627 70855.63463054759 1.0 0.01010101010101013 869.0 8.690000000000001 9.0
1850.0009227254639 11.156669019028413 706.5351733421954 297.03042330888627 70855.63463054759 1.0 0.01010101010101013 869.0 8.690000000000001 9.0
1860.0009227254548 11.156669019028413 706.5351733421954 297.03042330888627 70855.63463054759 1.0 0.01010101010101013 869.0 8.690000000000001 9.0
1870.0009227254457 11.156669019028413 706.5351733421954 297.03042330888627 70855.63463054759 1.0 0.01010101010101013 869.0 8.690000000000001 9.0
1880.0009227254366 11.156669019028413 706.5351733421954 297.03042330888627 70855.63463054759 1.0 0.01010101010101013 871.0 8.71 9.0
1890.0009227254275 11.156669019028413 706.5351733421954 297.03042330888627 70855.63463054759 1.0 0.01010101010101013 871.0 8.71 9.0
1900.0009227254184 11.156669019028413 706.5351733421954 297.03042330888627 70855.63463054759 1.0 0.01010101010101013 871.0 8.71 9.0
1910.0009227254093 11.156669019028413 706.5351733421954 297.03042330888627 70855.63463054759 2.0 0.019995877138734214 871.0 8.71 9.0
1920.0009227254002 11.156669019028413 706.5351733421954 297.03042330888627 70855.63463054759 2.0 0.019995877138734214 871.0 8.71 9.0
1930.000922725391 11.156669019028413 706.5351733421954 297.03042330888627 70855.63463054759 2.0 0.019995877138734214 871.0 8.71 9.0
1940.000922725382 11.156669019028413 706.5351733421954 297.03042330888627 70855.63463054759 2.0 0.019995877138734214 871.0 8.71 9.0
1950.000922725373 11.156669019028413 706.5351733421954 297.03042330888627 70855.63463054759 2.0 0.019995877138734214 871.0 8.71 9.0
1960.0009227253638 11.156669019028413 706.5351733421954 297.03042330888627 70855.63463054759 2.0 0.019995877138734214 871.0 8.71 9.0
1970.0009227253547 11.156669019028413 706.5351733421954 297.03042330888627 70855.63463054759 3.0 0.029684601113172525 871.0 8.71 9.0
1980.0009227253456 11.156669019028413 706.5351733421954 297.03042330888627 70855.63463054759 3.0 0.029684601113172525 871.0 8.71 9.0
1990.0009227253365 11.156669019028413 706.5351733421954 297.03042330888627 70855.63463054759 3.0 0.029684601113172525 871.0 8.71 9.0
2000.0009227253274 11.156669019028413 706.5351733421954 270.4620536204647 70041.56901727091 2.0 0.019995877138734214 873.0 8.73 10.0
2010.0009227253183 11.156669019028413 706.5351733421954 270.4620536204647 70041.56901727091 2.0 0.019995877138734214 871.0 8.71 10.0
2020.0009227253092 11.156669019028413 706.5351733421954 270.4620536204647 70041.56901727091 3.0 0.02968460111317244 871.0 8.71 10.0
2030.0009227253001 11.156669019028413 706.5351733421954 270.4620536204647 70041.56901727091 3.0 0.02968460111317244 871.0 8.71 10.0
2040.000922725291 11.156669019028413 706.5351733421954 270.4620536204647 70041.56901727091 4.0 0.03916718202432491 871.0 8.71 10.0
2050.000922725282 11.156669019028413 706.5351733421954 270.4620536204647 70041.56901727091 4.0 0.03916718202432491 871.0 8.71 10.0
2060.000922725273 11.156669019028413 706.5351733421954 270.4620536204647 70041.56901727091 4.0 0.03916718202432491 873.0 8.73 10.0
2070.000922725264 11.156669019028413 706.5351733421954 270.4620536204647 70041.56901727091 4.0 0.03916718202432491 875.0 8.75 10.0
2080.000922725255 11.156669019028413 706.5351733421954 270.4620536204647 70041.56901727091 4.0 0.03916718202432491 875.0 8.75 10.0
2090.000922725246 11.156669019028413 706.5351733421954 270.4620536204647 70041.56901727091 4.0 0.03916718202432491 877.0 8.77 10.0
2100.0009227252367 11.156669019028413 706.5351733421954 270.4620536204647 70041.56901727091 4.0 0.03916718202432491 875.0 8.75 10.0
2110.0009227252276 11.156669019028413 706.5351733421954 270.4620536204647 70041.56901727091 4.0 0.03916718202432491 875.0 8.75 10.0
2120.0009227252185 11.156669019028413 706.5351733421954 270.4620536204647 70041.56901727091 4.0 0.03916718202432491 875.0 8.75 10.0
2130.0009227252094 11.156669019028413 706.5351733421954 270.4620536204647 70041.56901727091 4.0 0.03916718202432491 873.0 8.73 10.0
2140.0009227252003 11.156669019028413 706.5351733421954 270.4620536204647 70041.56901727091 4.0 0.03916718202432491 873.0 8.73 10.0
2150.0009227251912 11.156669019028413 706.5351733421954 270.4620536204647 70041.56901727091 5.0 0.0484436198721912 873.0 8.73 10.0
2160.000922725182 11.156669019028413 706.5351733421954 270.4620536204647 70041.56901727091 5.0 0.0484436198721912 873.0 8.73 10.0
2170.000922725173 11.156669019028413 706.5351733421954 270.4620536204647 70041.56901727091 5.0 0.0484436198721912 873.0 8.73 10.0
2180.000922725164 11.156669019028413 706.5351733421954 270.4620536204647 70041.56901727091 5.0 0.0484436198721912 873.0 8.73 10.0
2190.000922725155 11.156669019028413 706.5351733421954 270.4620536204647 70041.56901727091 5.0 0.0484436198721912 873.0 8.73 10.0
2200.0009227251458 11.156669019028413 706.5351733421954 270.4620536204647 70041.56901727091 5.0 0.0484436198721912 871.0 8.71 10.0
2210.0009227251367 11.156669019028413 706.5351733421954 270.4620536204647 70041.56901727091 5.0 0.0484436198721912 871.0 8.71 10.0
2220.0009227251276 11.156669019028413 706.5351733421954 270.4620536204647 70041.56901727091 5.0 0.0484436198721912 871.0 8.71 10.0
2230.0009227251185 11.156669019028413 706.5351733421954 270.4620536204647 70041.56901727091 5.0 0.0484436198721912 871.0 8.71 10.0
2240.0009227251094 11.156669019028413 706.5351733421954 270.4620536204647 70041.56901727091 5.0 0.0484436198721912 871.0 8.71 10.0
2250.0009227251003 11.156669019028413 706.5351733421954 270.4620536204647 70041.56901727091 5.0 0.0484436198721912 871.0 8.71 10.0
2260.000922725091 11.156669019028413 706.5351733421954 270.4620536204647 70041.56901727091 5.0 0.0484436198721912 869.0 8.690000000000001 10.0
2270.000922725082 11.156669019028413 706.5351733421954 270.4620536204647 70041.56901727091 5.0 0.0484436198721912 869.0 8.690000000000001 10.0
2280.000922725073 11.156669019028413 706.5351733421954 270.4620536204647 70041.56901727091 5.0 0.0484436198721912 865.0 8.65 10.0
2290.000922725064 11.156669019028413 706.5351733421954 270.4620536204647 70041.56901727091 5.0 0.0484436198721912 863.0 8.629999999999999 10.0
2300.000922725055 11.156669019028413 706.5351733421954 270.4620536204647 70041.56901727091 5.0 0.0484436198721912 863.0 8.629999999999999 10.0
2310.0009227250457 11.156669019028413 706.5351733421954 270.5058732685785 63037.43323732099 4.0 0.03916718202432491 863.0 8.629999999999999 11.0
2320.0009227250366 11.156669019028413 706.5351733421954 270.5058732685785 63037.43323732099 4.0 0.03916718202432491 863.0 8.629999999999999 11.0
2330.0009227250275 11.156669019028413 706.5351733421954 270.5058732685785 63037.43323732099 4.0 0.03916718202432491 863.0 8.629999999999999 11.0
2340.0009227250184 11.156669019028413 706.5351733421954 270.5058732685785 63037.43323732099 4.0 0.03916718202432491 863.0 8.629999999999999 11.0
2350.0009227250093 11.156669019028413 706.5351733421954 270.5058732685785 63037.43323732099 4.0 0.03916718202432491 863.0 8.629999999999999 11.0
2360.0009227250002 11.156669019028413 706.5351733421954 270.5058732685785 63037.43323732099 4.0 0.03916718202432491 865.0 8.65 11.0
2370.000922724991 11.156669019028413 706.5351733421954 270.5058732685785 63037.43323732099 4.0 0.03916718202432491 865.0 8.65 11.0
2380.000922724982 11.156669019028413 706.5351733421954 270.5058732685785 63037.43323732099 4.0 0.03916718202432491 865.0 8.65 11.0
2390.000922724973 11.156669019028413 706.5351733421954 270.5058732685785 63037.43323732099 4.0 0.03916718202432491 865.0 8.65 11.0
2400.000922724964 11.156669019028413 706.5351733421954 270.5058732685785 63037.43323732099 4.0 0.03916718202432491 867.0 8.67 11.0
2410.0009227249548 11.156669019028413 706.5351733421954 270.5058732685785 63037.43323732099 4.0 0.03916718202432491 867.0 8.67 11.0
2420.0009227249457 11.156669019028413 706.5351733421954 270.5058732685785 63037.43323732099 4.0 0.03916718202432491 867.0 8.67 11.0
2430.0009227249366 11.156669019028413 706.5351733421954 270.5058732685785 63037.43323732099 4.0 0.03916718202432491 867.0 8.67 11.0
2440.0009227249275 11.156669019028413 706.5351733421954 270.5058732685785 63037.43323732099 4.0 0.03916718202432491 867.0 8.67 11.0
2450.0009227249184 11.156669019028413 706.5351733421954 270.5058732685785 63037.43323732099 4.0 0.03916718202432491 867.0 8.67 11.0
2460.0009227249093 11.156669019028413 706.5351733421954 270.5058732685785 63037.43323732099 4.0 0.03916718202432491 867.0 8.67 11.0
2470.0009227249 11.156669019028413 706.5351733421954 270.5058732685785 63037.43323732099 4.0 0.03916718202432491 867.0 8.67 11.0
2480.000922724891 11.156669019028413 706.5351733421954 270.5058732685785 63037.43323732099 4.0 0.03916718202432491 867.0 8.67 11.0
2490.000922724882 11.156669019028413 706.5351733421954 270.5058732685785 63037.43323732099 4.0 0.03916718202432491 867.0 8.67 11.0
2500.000922724873 11.156669019028413 706.5351733421954 270.5058732685785 63037.43323732099 4.0 0.03916718202432491 871.0 8.71 11.0
2510.000922724864 11.156669019028413 706.5351733421954 270.5058732685785 63037.43323732099 4.0 0.03916718202432491 871.0 8.71 11.0
2520.0009227248547 11.156669019028413 706.5351733421954 270.5058732685785 63037.43323732099 4.0 0.03916718202432491 869.0 8.690000000000001 11.0
2530.0009227248456 11.156669019028413 706.5351733421954 270.5058732685785 63037.43323732099 4.0 0.03916718202432491 869.0 8.690000000000001 11.0
2540.0009227248365 11.156669019028413 706.5351733421954 270.5058732685785 63037.43323732099 4.0 0.03916718202432491 869.0 8.690000000000001 11.0
2550.0009227248274 11.156669019028413 706.5351733421954 270.5058732685785 63037.43323732099 4.0 0.03916718202432491 867.0 8.67 11.0
2560.0009227248183 11.156669019028413 706.5351733421954 270.5058732685785 63037.43323732099 4.0 0.03916718202432491 867.0 8.67 11.0
2570.0009227248092 11.156669019028413 706.5351733421954 270.5058732685785 63037.43323732099 4.0 0.03916718202432491 867.0 8.67 11.0
2580.0009227248 11.156669019028413 706.5351733421954 270.5058732685785 63037.43323732099 4.0 0.03916718202432491 867.0 8.67 11.0
2590.000922724791 11.156669019028413 706.5351733421954 270.5058732685785 63037.43323732099 4.0 0.03916718202432491 867.0 8.67 11.0
2600.000922724782 11.156669019028413 706.5351733421954 270.5058732685785 63037.43323732099 4.0 0.03916718202432491 869.0 8.690000000000001 11.0
2610.000922724773 11.156669019028413 706.5351733421954 270.5058732685785 63037.43323732099 4.0 0.03916718202432491 869.0 8.690000000000001 11.0
2620.0009227247638 11.156669019028413 706.5351733421954 270.5058732685785 63037.43323732099 4.0 0.03916718202432491 869.0 8.690000000000001 11.0
2630.0009227247547 11.156669019028413 706.5351733421954 270.5058732685785 63037.43323732099 4.0 0.03916718202432491 869.0 8.690000000000001 11.0
2640.0009227247456 11.156669019028413 706.5351733421954 270.5058732685785 63037.43323732099 4.0 0.03916718202432491 867.0 8.67 11.0
2650.0009227247365 11.156669019028413 706.5351733421954 270.5058732685785 63037.43323732099 4.0 0.03916718202432491 869.0 8.690000000000001 11.0
2660.0009227247274 11.156669019028413 706.5351733421954 270.5058732685785 63037.43323732099 4.0 0.03916718202432491 869.0 8.690000000000001 11.0
2670.0009227247183 11.156669019028413 706.5351733421954 270.5058732685785 63037.43323732099 4.0 0.03916718202432491 869.0 8.690000000000001 11.0
2680.000922724709 11.156669019028413 706.5351733421954 270.5058732685785 63037.43323732099 4.0 0.03916718202432491 869.0 8.690000000000001 11.0
2690.0009227247 11.156669019028413 706.5351733421954 270.5058732685785 63037.43323732099 5.0 0.04844361987219118 869.0 8.690000000000001 11.0
2700.000922724691 11.156669019028413 706.5351733421954 270.5058732685785 63037.43323732099 5.0 0.04844361987219118 867.0 8.67 11.0
2710.000922724682 11.156669019028413 706.5351733421954 270.5058732685785 63037.43323732099 5.0 0.04844361987219118 867.0 8.67 11.0
2720.000922724673 11.156669019028413 706.5351733421954 270.5058732685785 63037.43323732099 5.0 0.04844361987219118 867.0 8.67 11.0
2730.0009227246637 11.156669019028413 706.5351733421954 270.5058732685785 63037.43323732099 5.0 0.04844361987219118 869.0 8.690000000000001 11.0
2740.0009227246546 11.156669019028413 706.5351733421954 270.5058732685785 63037.43323732099 5.0 0.04844361987219118 869.0 8.690000000000001 11.0
2750.0009227246455 11.156669019028413 706.5351733421954 270.5058732685785 63037.43323732099 5.0 0.04844361987219118 869.0 8.690000000000001 11.0
2760.0009227246364 11.156669019028413 706.5351733421954 270.5058732685785 63037.43323732099 5.0 0.04844361987219118 869.0 8.690000000000001 11.0
2770.0009227246273 11.156669019028413 706.5351733421954 270.5058732685785 63037.43323732099 5.0 0.04844361987219118 865.0 8.65 11.0
2780.0009227246182 11.156669019028413 706.5351733421954 270.5058732685785 63037.43323732099 5.0 0.04844361987219118 865.0 8.65 11.0
2790.000922724609 11.156669019028413 706.5351733421954 270.5058732685785 63037.43323732099 5.0 0.04844361987219118 865.0 8.65 11.0
2800.0009227246 11.156669019028413 706.5351733421954 270.5058732685785 63037.43323732099 5.0 0.04844361987219118 865.0 8.65 11.0
2810.000922724591 11.156669019028413 706.5351733421954 270.5058732685785 63037.43323732099 5.0 0.04844361987219118 865.0 8.65 11.0
2820.000922724582 11.156669019028413 706.5351733421954 270.5058732685785 63037.43323732099 5.0 0.04844361987219118 863.0 8.629999999999999 11.0
2830.000922724573 11.156669019028413 920.4707219869949 310.3784481151046 87457.09454699206 3.0 0.029684601113172417 867.0 8.67 13.0
2840.0009227245637 11.156669019028413 920.4707219869949 310.3784481151046 87457.09454699206 3.0 0.029684601113172417 865.0 8.65 13.0
2850.0009227245546 11.156669019028413 920.4707219869949 310.3784481151046 87457.09454699206 3.0 0.029684601113172417 865.0 8.65 13.0
2860.0009227245455 11.156669019028413 920.4707219869949 310.3784481151046 87457.09454699206 3.0 0.029684601113172417 865.0 8.65 13.0
2870.0009227245364 11.156669019028413 920.4707219869949 310.3784481151046 87457.09454699206 3.0 0.029684601113172417 867.0 8.67 13.0
2880.0009227245273 11.156669019028413 920.4707219869949 310.3784481151046 87457.09454699206 3.0 0.029684601113172417 867.0 8.67 13.0
2890.000922724518 11.156669019028413 920.4707219869949 340.564474524132 93486.3724008159 2.0 0.01999587713873419 871.0 8.71 14.0
2900.000922724509 11.156669019028413 920.4707219869949 340.564474524132 93486.3724008159 2.0 0.01999587713873419 871.0 8.71 14.0
2910.0009227245 11.156669019028413 920.4707219869949 340.564474524132 93486.3724008159 2.0 0.01999587713873419 871.0 8.71 14.0
2920.000922724491 11.156669019028413 920.4707219869949 377.992283737939 107821.38791036328 1.0 0.01010101010101013 873.0 8.73 15.0
2930.000922724482 11.156669019028413 920.4707219869949 377.992283737939 107821.38791036328 1.0 0.01010101010101013 873.0 8.73 15.0
2940.0009227244727 11.156669019028413 1213.7818448865933 430.2291313097299 144292.30729082198 0.0 0.0 875.0 8.75 16.0
2950.0009227244636 11.156669019028413 1213.7818448865933 430.2291313097299 144292.30729082198 0.0 0.0 873.0 8.73 16.0
2960.0009227244545 11.156669019028413 1213.7818448865933 430.2291313097299 144292.30729082198 0.0 0.0 873.0 8.73 16.0
2970.0009227244454 11.156669019028413 1213.7818448865933 430.2291313097299 144292.30729082198 0.0 0.0 873.0 8.73 16.0
2980.0009227244364 11.156669019028413 1213.7818448865933 430.2291313097299 144292.30729082198 0.0 0.0 873.0 8.73 16.0
2990.0009227244273 11.156669019028413 1213.7818448865933 430.2291313097299 144292.30729082198 0.0 0.0 875.0 8.75 16.0
3000.000922724418 11.156669019028413 1213.7818448865933 430.2291313097299 144292.30729082198 0.0 0.0 873.0 8.73 16.0
3010.000922724409 11.156669019028413 1213.7818448865933 430.2291313097299 144292.30729082198 0.0 0.0 873.0 8.73 16.0
3020.0009227244 11.156669019028413 1213.7818448865933 430.2291313097299 144292.30729082198 0.0 0.0 873.0 8.73 16.0
3030.000922724391 11.156669019028413 1213.7818448865933 430.2291313097299 144292.30729082198 0.0 0.0 877.0 8.77 16.0
3040.000922724382 11.156669019028413 1213.7818448865933 430.2291313097299 144292.30729082198 0.0 0.0 875.0 8.75 16.0
3050.0009227243727 11.156669019028413 1213.7818448865933 430.2291313097299 144292.30729082198 0.0 0.0 875.0 8.75 16.0
3060.0009227243636 11.156669019028413 1213.7818448865933 430.2291313097299 144292.30729082198 0.0 0.0 875.0 8.75 16.0
3070.0009227243545 11.156669019028413 1213.7818448865933 430.2291313097299 144292.30729082198 0.0 0.0 875.0 8.75 16.0
3080.0009227243454 11.156669019028413 1213.7818448865933 430.2291313097299 144292.30729082198 0.0 0.0 877.0 8.77 16.0
3090.0009227243363 11.156669019028413 1213.7818448865933 430.2291313097299 144292.30729082198 0.0 0.0 875.0 8.75 16.0
3100.000922724327 11.156669019028413 1213.7818448865933 430.2291313097299 144292.30729082198 0.0 0.0 875.0 8.75 16.0
3110.000922724318 11.156669019028413 1213.7818448865933 430.2291313097299 144292.30729082198 0.0 0.0 875.0 8.75 16.0
3120.000922724309 11.156669019028413 1213.7818448865933 430.2291313097299 144292.30729082198 0.0 0.0 875.0 8.75 16.0
3130.0009227243 11.156669019028413 1213.7818448865933 430.2291313097299 144292.30729082198 0.0 0.0 875.0 8.75 16.0
3140.000922724291 11.156669019028413 1213.7818448865933 430.2291313097299 144292.30729082198 0.0 0.0 877.0 8.77 16.0
3150.0009227242817 11.156669019028413 1213.7818448865933 430.2291313097299 144292.30729082198 0.0 0.0 877.0 8.77 16.0
3160.0009227242726 11.156669019028413 1213.7818448865933 430.2291313097299 144292.30729082198 0.0 0.0 879.0 8.79 16.0
3170.0009227242635 11.156669019028413 1213.7818448865933 430.2291313097299 144292.30729082198 0.0 0.0 877.0 8.77 16.0
3180.0009227242545 11.156669019028413 1213.7818448865933 430.2291313097299 144292.30729082198 0.0 0.0 877.0 8.77 16.0
3190.0009227242454 11.156669019028413 1213.7818448865933 430.2291313097299 144292.30729082198 0.0 0.0 877.0 8.77 16.0
3200.0009227242363 11.156669019028413 1213.7818448865933 430.2291313097299 144292.30729082198 0.0 0.0 877.0 8.77 16.0
3210.000922724227 11.156669019028413 1213.7818448865933 430.2291313097299 144292.30729082198 0.0 0.0 877.0 8.77 16.0
3220.000922724218 11.156669019028413 1213.7818448865933 430.2291313097299 144292.30729082198 0.0 0.0 877.0 8.77 16.0
3230.000922724209 11.156669019028413 1213.7818448865933 430.2291313097299 144292.30729082198 0.0 0.0 877.0 8.77 16.0
3240.0009227242 11.156669019028413 1213.7818448865933 430.2291313097299 144292.30729082198 0.0 0.0 877.0 8.77 16.0
3250.000922724191 11.156669019028413 1213.7818448865933 430.2291313097299 144292.30729082198 0.0 0.0 875.0 8.75 16.0
3260.0009227241817 11.156669019028413 1213.7818448865933 430.2291313097299 144292.30729082198 0.0 0.0 875.0 8.75 16.0
3270.0009227241726 11.156669019028413 1213.7818448865933 430.2291313097299 144292.30729082198 0.0 0.0 875.0 8.75 16.0
3280.0009227241635 11.156669019028413 1213.7818448865933 430.2291313097299 144292.30729082198 0.0 0.0 877.0 8.77 16.0
3290.0009227241544 11.156669019028413 1213.7818448865933 430.2291313097299 144292.30729082198 0.0 0.0 875.0 8.75 16.0
3300.0009227241453 11.156669019028413 1213.7818448865933 430.2291313097299 144292.30729082198 0.0 0.0 875.0 8.75 16.0
3310.000922724136 11.156669019028413 1213.7818448865933 430.2291313097299 144292.30729082198 0.0 0.0 879.0 8.79 16.0
3320.000922724127 11.156669019028413 1213.7818448865933 430.2291313097299 144292.30729082198 0.0 0.0 879.0 8.79 16.0
3330.000922724118 11.156669019028413 1213.7818448865933 430.2291313097299 144292.30729082198 0.0 0.0 879.0 8.79 16.0
3340.000922724109 11.156669019028413 1213.7818448865933 430.2291313097299 144292.30729082198 0.0 0.0 879.0 8.79 16.0
3350.0009227241 11.156669019028413 1213.7818448865933 430.2291313097299 144292.30729082198 0.0 0.0 877.0 8.77 16.0
3360.0009227240907 11.156669019028413 1213.7818448865933 430.2291313097299 144292.30729082198 0.0 0.0 879.0 8.79 16.0
3370.0009227240816 11.156669019028413 1213.7818448865933 430.2291313097299 144292.30729082198 0.0 0.0 879.0 8.79 16.0
3380.0009227240726 11.156669019028413 1213.7818448865933 430.2291313097299 144292.30729082198 0.0 0.0 879.0 8.79 16.0
3390.0009227240635 11.156669019028413 1213.7818448865933 430.2291313097299 144292.30729082198 0.0 0.0 877.0 8.77 16.0
3400.0009227240544 11.156669019028413 1213.7818448865933 430.2291313097299 144292.30729082198 0.0 0.0 877.0 8.77 16.0
3410.0009227240453 11.156669019028413 1213.7818448865933 430.2291313097299 144292.30729082198 0.0 0.0 879.0 8.79 16.0
3420.000922724036 11.156669019028413 1213.7818448865933 430.2291313097299 144292.30729082198 0.0 0.0 879.0 8.79 16.0
3430.000922724027 11.156669019028413 1213.7818448865933 430.2291313097299 144292.30729082198 0.0 0.0 877.0 8.77 16.0
3440.000922724018 11.156669019028413 1213.7818448865933 430.2291313097299 144292.30729082198 0.0 0.0 877.0 8.77 16.0
3450.000922724009 11.156669019028413 1213.7818448865933 430.2291313097299 144292.30729082198 0.0 0.0 877.0 8.77 16.0
3460.000922724 11.156669019028413 1213.7818448865933 430.2291313097299 144292.30729082198 0.0 0.0 877.0 8.77 16.0
3470.0009227239907 11.156669019028413 1213.7818448865933 430.2291313097299 144292.30729082198 0.0 0.0 879.0 8.79 16.0
3480.0009227239816 11.156669019028413 1213.7818448865933 430.2291313097299 144292.30729082198 0.0 0.0 877.0 8.77 16.0
3490.0009227239725 11.156669019028413 1213.7818448865933 430.2291313097299 144292.30729082198 0.0 0.0 877.0 8.77 16.0
3500.0009227239634 11.156669019028413 1213.7818448865933 430.2291313097299 144292.30729082198 0.0 0.0 877.0 8.77 16.0
3510.0009227239543 11.156669019028413 1213.7818448865933 430.2291313097299 144292.30729082198 0.0 0.0 879.0 8.79 16.0
3520.000922723945 11.156669019028413 1213.7818448865933 430.2291313097299 144292.30729082198 0.0 0.0 877.0 8.77 16.0
3530.000922723936 11.156669019028413 1213.7818448865933 430.2291313097299 144292.30729082198 0.0 0.0 877.0 8.77 16.0
3540.000922723927 11.156669019028413 1213.7818448865933 430.2291313097299 144292.30729082198 0.0 0.0 877.0 8.77 16.0
3550.000922723918 11.156669019028413 1213.7818448865933 430.2291313097299 144292.30729082198 0.0 0.0 877.0 8.77 16.0
3560.000922723909 11.156669019028413 1213.7818448865933 430.2291313097299 144292.30729082198 0.0 0.0 877.0 8.77 16.0
3570.0009227238997 11.156669019028413 1213.7818448865933 430.2291313097299 144292.30729082198 0.0 0.0 875.0 8.75 16.0
3580.0009227238907 11.156669019028413 1213.7818448865933 430.2291313097299 144292.30729082198 0.0 0.0 875.0 8.75 16.0
3590.0009227238816 11.156669019028413 1213.7818448865933 430.2291313097299 144292.30729082198 0.0 0.0 875.0 8.75 16.0
3600.0009227238725 11.156669019028413 1213.7818448865933 430.2291313097299 144292.30729082198 0.0 0.0 875.0 8.75 16.0
#####################################################################
# End of data export. Simulation finished at: 2024-02-21T22:30+0000 #
#####################################################################
